examples/temperature.grib2.json
{"header": {"parameterCategory":1,"parameterNumber":1,"lo1":112.02,"la1":30.02,"lo2":129.99,"la2":44.99,"dx":0.03,"dy":0.03,"nx":600,"ny":500,"numberPoints":300000,"refTime":"2018-09-16T07:00:00","forecastTime":0}, "data":
[rows 448 to 479 of 500, columns 144 to 215 of 600]
287.14,287.19,287.25,287.35,287.51,287.7,287.91,288.06,288.16,288.22,288.25,288.25,288.21,288.15,288.08,288.01,287.95,287.86,287.73,287.62,287.53,287.53,287.61,287.74,287.85,287.89,287.84,287.71,287.49,287.19,286.79,286.2,285.57,284.91,284.36,284.09,284.06,284.31,284.7,285.19,285.64,286.08,286.54,287.09,287.68,288.29,288.84,289.28,289.54,289.61,289.54,289.47,289.49,289.67,290.02,290.49,290.98,291.43,291.76,291.91,291.83,291.57,291.26,291.04,291.04,291.29,291.71,292.21,292.69,293.13,293.52,293.86
287.44,287.47,287.5,287.58,287.72,287.89,288.09,288.19,288.23,288.21,288.15,288.08,287.99,287.9,287.82,287.77,287.75,287.71,287.63,287.5,287.38,287.34,287.39,287.52,287.68,287.79,287.78,287.67,287.47,287.22,286.92,286.52,286.08,285.53,285.03,284.58,284.27,284.15,284.2,284.47,284.82,285.28,285.84,286.5,287.25,288.05,288.85,289.57,290.09,290.34,290.36,290.27,290.25,290.43,290.8,291.28,291.75,292.12,292.35,292.44,292.39,292.22,291.99,291.8,291.76,291.92,292.27,292.72,293.2,293.64,293.99,294.25
287.85,287.89,287.93,288.01,288.16,288.32,288.44,288.49,288.43,288.31,288.16,288.03,287.9,287.81,287.73,287.7,287.69,287.68,287.61,287.48,287.33,287.24,287.25,287.38,287.55,287.68,287.7,287.6,287.42,287.19,286.97,286.78,286.52,286.18,285.67,285.21,284.77,284.42,284.2,284.17,284.34,284.71,285.27,285.86,286.63,287.5,288.52,289.48,290.3,290.87,291.12,291.15,291.13,291.22,291.48,291.86,292.24,292.54,292.75,292.88,292.94,292.92,292.82,292.69,292.71,292.79,293.03,293.41,293.82,294.19,294.41,294.46
288.25,288.31,288.38,288.51,288.66,288.81,288.88,288.84,288.69,288.49,288.29,288.13,288.0,287.91,287.85,287.81,287.78,287.75,287.66,287.51,287.35,287.24,287.23,287.33,287.49,287.61,287.63,287.53,287.35,287.14,286.94,286.78,286.63,286.45,286.1,285.73,285.31,284.92,284.59,284.4,284.38,284.59,284.98,285.56,286.28,287.14,288.1,289.17,290.12,290.98,291.48,291.7,291.76,291.81,291.96,292.2,292.49,292.75,292.98,293.19,293.36,293.46,293.46,293.39,293.4,293.43,293.81,293.9,294.22,294.45,294.47,294.24
288.64,288.72,288.83,288.97,289.12,289.23,289.24,289.12,288.92,288.69,288.49,288.35,288.25,288.16,288.08,287.99,287.91,287.82,287.7,287.54,287.4,287.3,287.3,287.37,287.49,287.58,287.58,287.48,287.29,287.07,286.85,286.69,286.55,286.42,286.2,285.97,285.7,285.39,285.09,284.84,284.73,284.84,285.17,285.72,286.4,287.17,287.98,288.86,289.75,290.55,291.2,291.65,291.91,292.07,292.21,292.4,292.63,292.87,293.12,293.35,293.55,293.68,293.73,293.7,293.75,293.79,293.93,294.18,294.42,294.53,294.36,293.86
289.03,289.1,289.2,289.31,289.41,289.44,289.38,289.24,289.04,288.85,288.71,288.63,288.56,288.46,288.32,288.16,287.99,287.84,287.68,287.53,287.42,287.35,287.35,287.41,287.49,287.55,287.55,287.47,287.29,287.06,286.79,286.51,286.31,286.16,286.05,285.95,285.78,285.6,285.38,285.18,285.14,285.26,285.68,286.29,286.97,287.73,288.27,288.7,289.14,289.8,290.5,291.16,291.7,292.09,292.36,292.6,292.81,293.03,293.23,293.41,293.54,293.63,293.68,293.72,293.77,293.89,294.08,294.21,294.36,294.35,294.04,293.4
289.44,289.46,289.47,289.47,289.45,289.39,289.29,289.15,289.02,288.93,288.89,288.87,288.82,288.7,288.51,288.27,288.03,287.81,287.64,287.48,287.37,287.31,287.3,287.34,287.41,287.48,287.5,287.48,287.33,287.09,286.74,286.36,286.0,285.79,285.69,285.65,285.55,285.45,285.3,285.22,285.35,285.69,286.34,287.16,287.82,288.41,288.48,288.4,288.4,288.7,289.39,290.23,291.07,291.75,292.24,292.57,292.79,292.95,293.08,293.16,293.21,293.25,293.33,293.46,293.65,293.88,294.11,294.19,294.26,294.15,293.8,293.21
289.86,289.77,289.64,289.48,289.31,289.16,289.04,288.96,288.92,288.94,288.99,289.02,289.0,288.87,288.65,288.36,288.07,287.81,287.61,287.44,287.31,287.21,287.16,287.16,287.22,287.32,287.42,287.46,287.38,287.15,286.74,286.24,285.77,285.46,285.33,285.29,285.2,285.09,284.95,285.01,285.32,285.93,286.87,287.82,288.57,288.82,288.52,288.01,287.61,287.64,288.28,289.23,290.27,291.19,291.84,292.26,292.49,292.6,292.65,292.68,292.7,292.77,292.92,293.17,293.47,293.76,293.97,294.06,294.0,293.83,293.55,293.16
290.19,290.01,289.75,289.43,289.14,288.92,288.81,288.79,288.83,288.91,288.99,289.05,289.04,288.95,288.76,288.49,288.2,287.92,287.67,287.46,287.27,287.11,286.99,286.94,286.98,287.12,287.3,287.44,287.42,287.23,286.8,286.22,285.66,285.29,285.06,285.06,284.93,284.75,284.56,284.62,284.99,285.83,286.98,288.06,288.78,288.9,288.43,287.73,287.19,287.14,287.66,288.63,289.74,290.7,291.39,291.8,292.0,292.09,292.15,292.22,292.33,292.51,292.79,293.15,293.51,293.78,293.88,293.8,293.61,293.39,293.23,293.13
290.36,290.14,289.8,289.4,289.05,288.81,288.72,288.74,288.81,288.88,288.94,288.98,288.98,288.93,288.82,288.65,288.41,288.15,287.88,287.62,287.37,287.12,286.93,286.82,286.84,286.99,287.22,287.42,287.45,287.3,286.88,286.3,285.72,285.26,285.11,285.02,284.86,284.63,284.35,284.32,284.64,285.52,286.65,287.76,288.48,288.58,288.19,287.57,287.11,287.13,287.64,288.48,289.46,290.24,290.76,291.05,291.2,291.32,291.49,291.72,292.01,292.38,292.81,293.24,293.6,293.78,293.72,293.45,293.12,292.88,292.83,292.95
290.3,290.1,289.79,289.42,289.09,288.88,288.83,288.86,288.92,288.94,288.91,288.86,288.82,288.79,288.78,288.72,288.59,288.42,288.18,287.9,287.59,287.3,287.07,286.93,286.92,287.05,287.26,287.44,287.47,287.34,286.99,286.47,285.94,285.52,285.32,285.21,285.07,284.8,284.46,284.25,284.47,285.17,286.17,287.22,287.89,288.08,287.85,287.43,287.34,287.51,288.04,288.81,289.45,289.9,290.12,290.2,290.27,290.43,290.75,291.21,291.75,292.32,292.87,293.34,293.64,293.68,293.44,293.02,292.57,292.31,292.32,292.57
290.03,289.9,289.7,289.46,289.23,289.09,289.07,289.11,289.14,289.09,288.95,288.77,288.63,288.56,288.57,288.61,288.62,288.56,288.4,288.17,287.88,287.59,287.36,287.23,287.22,287.31,287.44,287.55,287.54,287.38,287.12,286.72,286.29,285.93,285.69,285.52,285.33,285.04,284.69,284.44,284.52,285.05,285.88,286.75,287.39,287.58,287.59,287.59,287.71,288.11,288.69,289.25,289.63,289.75,289.66,289.54,289.43,289.7,290.14,290.78,291.51,292.24,292.89,293.35,293.56,293.46,293.08,292.54,292.02,291.71,291.72,291.98
289.64,289.62,289.57,289.47,289.36,289.3,289.32,289.37,289.39,289.28,289.06,288.75,288.46,288.27,288.24,288.32,288.44,288.51,288.47,288.31,288.08,287.84,287.67,287.59,287.6,287.67,287.73,287.75,287.67,287.51,287.31,287.02,286.69,286.38,286.09,285.81,285.52,285.22,284.93,284.77,284.87,285.3,285.96,286.68,287.25,287.57,287.74,287.83,288.14,288.69,289.25,289.71,289.93,289.85,289.6,289.27,289.18,289.35,289.8,290.56,291.37,292.16,292.82,293.26,293.38,293.18,292.7,292.09,291.52,291.15,291.08,291.26
289.3,289.37,289.43,289.43,289.4,289.39,289.44,289.52,289.54,289.44,289.18,288.79,288.37,288.04,287.9,287.96,288.12,288.28,288.34,288.27,288.11,287.93,287.82,287.81,287.87,287.95,288.0,287.97,287.86,287.71,287.53,287.33,287.1,286.81,286.44,286.03,285.62,285.3,285.1,285.11,285.36,285.82,286.44,287.07,287.59,287.95,288.19,288.44,288.76,289.2,289.68,290.08,290.27,290.22,290.0,289.77,289.57,289.67,290.02,290.66,291.36,292.08,292.7,293.09,293.17,292.91,292.39,291.73,291.11,290.65,290.46,290.48
289.12,289.23,289.32,289.35,289.34,289.34,289.4,289.49,289.53,289.47,289.25,288.86,288.38,287.95,287.7,287.67,287.8,287.98,288.1,288.09,287.97,287.83,287.74,287.77,287.88,288.02,288.11,288.12,288.05,287.92,287.8,287.65,287.45,287.16,286.75,286.24,285.75,285.39,285.25,285.4,285.77,286.4,287.05,287.68,288.23,288.64,288.93,289.15,289.38,289.66,290.02,290.37,290.62,290.74,290.73,290.65,290.57,290.54,290.66,291.04,291.49,292.02,292.51,292.86,292.94,292.71,292.22,291.55,290.88,290.3,289.96,289.86
289.11,289.21,289.27,289.27,289.23,289.2,289.24,289.3,289.36,289.36,289.22,288.92,288.5,288.07,287.76,287.62,287.66,287.78,287.88,287.88,287.77,287.62,287.52,287.54,287.67,287.86,288.03,288.13,288.14,288.08,287.98,287.85,287.66,287.39,287.01,286.53,285.98,285.66,285.49,285.63,286.03,286.64,287.36,288.08,288.72,289.22,289.57,289.75,289.87,290.02,290.26,290.59,290.94,291.26,291.48,291.6,291.61,291.55,291.48,291.5,291.64,291.91,292.25,292.56,292.69,292.58,292.2,291.6,290.89,290.22,289.72,289.52
289.24,289.3,289.3,289.24,289.14,289.05,289.03,289.06,289.13,289.16,289.13,288.97,288.7,288.36,288.06,287.87,287.8,287.82,287.86,287.82,287.69,287.51,287.37,287.33,287.42,287.6,287.81,287.99,288.09,288.1,288.03,287.91,287.74,287.53,287.27,286.94,286.55,286.17,285.9,285.84,286.05,286.51,287.18,287.98,288.75,289.4,289.81,290.01,290.08,290.17,290.38,290.72,291.15,291.59,291.95,292.19,292.25,292.14,291.96,291.76,291.65,291.69,291.89,292.17,292.4,292.45,292.28,291.82,291.17,290.45,289.85,289.56
289.43,289.43,289.36,289.25,289.1,288.96,288.87,288.85,288.9,288.97,289.04,289.02,288.91,288.7,288.47,288.27,288.14,288.09,288.06,287.98,287.84,287.65,287.46,287.34,287.33,287.43,287.61,287.81,287.96,288.02,287.97,287.84,287.69,287.57,287.48,287.38,287.19,286.88,286.5,286.15,285.98,286.13,286.61,287.36,288.23,289.02,289.55,289.82,289.95,290.06,290.31,290.69,291.14,291.57,291.91,292.11,292.14,292.03,291.83,291.6,291.42,291.38,291.5,291.75,292.05,292.29,292.33,292.12,291.63,290.99,290.36,289.93
289.57,289.51,289.41,289.27,289.1,288.92,288.78,288.71,288.73,288.83,288.95,289.04,289.04,288.95,288.8,288.65,288.54,288.46,288.41,288.34,288.22,288.05,287.87,287.68,287.55,287.52,287.59,287.73,287.88,287.94,287.88,287.73,287.58,287.54,287.62,287.73,287.76,287.57,287.14,286.55,286.03,285.79,285.99,286.58,287.42,288.28,288.94,289.33,289.55,289.75,290.05,290.44,290.84,291.17,291.33,291.36,291.3,291.18,291.09,291.02,290.99,291.03,291.15,291.39,291.7,292.04,292.29,292.34,292.11,291.65,291.08,290.52
289.6,289.52,289.43,289.3,289.13,288.94,288.77,288.67,288.66,288.75,288.87,288.97,289.02,289.01,288.96,288.9,288.84,288.8,288.78,288.76,288.72,288.63,288.49,288.28,288.07,287.9,287.83,287.88,287.97,288.0,287.9,287.71,287.54,287.53,287.71,287.97,288.14,288.07,287.6,287.03,286.25,285.82,285.71,286.08,286.77,287.6,288.31,288.8,289.1,289.34,289.65,289.99,290.29,290.44,290.38,290.21,289.99,289.91,289.99,290.15,290.47,290.7,290.89,291.09,291.37,291.74,292.11,292.38,292.42,292.19,291.73,291.11
289.59,289.53,289.47,289.37,289.22,289.03,288.85,288.72,288.68,288.7,288.75,288.81,288.86,288.9,288.93,288.96,288.99,289.02,289.07,289.12,289.18,289.2,289.13,288.96,288.7,288.44,288.28,288.24,288.28,288.27,288.13,287.89,287.68,287.65,287.82,288.11,288.33,288.34,288.04,287.49,286.84,286.29,286.03,286.16,286.65,287.33,287.99,288.47,288.78,288.99,289.21,289.45,289.61,289.6,289.36,288.98,288.65,288.58,288.82,289.28,289.87,290.32,290.62,290.86,291.09,291.43,291.83,292.21,292.43,292.4,292.08,291.48
289.63,289.61,289.6,289.54,289.41,289.24,289.04,288.87,288.73,288.64,288.58,288.56,288.59,288.67,288.78,288.9,289.02,289.12,289.22,289.35,289.48,289.58,289.6,289.48,289.24,288.97,288.78,288.71,288.71,288.69,288.54,288.29,288.05,287.95,288.05,288.26,288.44,288.47,288.29,287.94,287.51,287.12,286.89,286.89,287.16,287.61,288.08,288.45,288.67,288.78,288.86,288.94,288.97,288.84,288.46,288.04,287.71,287.64,288.0,288.56,289.23,289.84,290.3,290.61,290.88,291.17,291.5,291.83,292.1,292.18,292.01,291.55
289.84,289.86,289.87,289.83,289.73,289.56,289.34,289.08,288.81,288.56,288.37,288.28,288.31,288.43,288.61,288.81,288.99,289.14,289.28,289.42,289.58,289.71,289.76,289.69,289.51,289.3,289.15,289.11,289.14,289.14,289.03,288.82,288.59,288.44,288.44,288.52,288.61,288.61,288.51,288.34,288.18,288.03,287.94,287.94,288.05,288.25,288.48,288.64,288.7,288.68,288.63,288.59,288.52,288.28,288.05,287.68,287.36,287.26,287.4,287.97,288.63,289.29,289.87,290.3,290.62,290.87,291.08,291.25,291.43,291.54,291.54,291.36
290.19,290.23,290.23,290.2,290.1,289.91,289.64,289.29,288.89,288.51,288.22,288.09,288.12,288.28,288.51,288.74,288.95,289.12,289.27,289.4,289.52,289.6,289.63,289.57,289.46,289.36,289.32,289.35,289.44,289.5,289.47,289.34,289.17,289.02,288.94,288.91,288.9,288.85,288.77,288.72,288.72,288.77,288.85,288.91,288.95,288.97,288.96,288.9,288.8,288.68,288.56,288.45,288.35,288.21,288.0,287.72,287.44,287.27,287.33,287.55,288.13,288.74,289.27,289.84,290.2,290.39,290.45,290.47,290.53,290.67,290.88,291.04
290.55,290.57,290.56,290.5,290.37,290.16,289.85,289.44,288.98,288.55,288.25,288.1,288.12,288.27,288.48,288.71,288.92,289.11,289.26,289.37,289.41,289.39,289.31,289.22,289.17,289.18,289.27,289.42,289.59,289.72,289.78,289.75,289.66,289.54,289.43,289.34,289.26,289.18,289.09,289.05,289.1,289.23,289.4,289.53,289.58,289.52,289.36,289.15,288.93,288.75,288.63,288.54,288.48,288.41,288.28,288.08,287.82,287.58,287.45,287.54,287.76,288.22,288.8,289.24,289.55,289.68,289.59,289.59,289.61,289.75,290.24,290.75
290.76,290.77,290.74,290.64,290.48,290.23,289.9,289.51,289.1,288.76,288.5,288.37,288.35,288.41,288.54,288.7,288.9,289.11,289.29,289.38,289.36,289.21,289.01,288.84,288.79,288.88,289.09,289.37,289.63,289.84,289.97,290.01,289.97,289.89,289.79,289.7,289.6,289.5,289.39,289.31,289.31,289.41,289.59,289.77,289.87,289.82,289.62,289.36,289.1,288.92,288.82,288.8,288.81,288.79,288.7,288.51,288.24,287.95,287.74,287.67,287.79,287.98,288.36,288.64,288.74,288.79,288.74,288.75,288.83,289.12,289.69,290.47
290.73,290.76,290.72,290.6,290.4,290.14,289.83,289.53,289.29,289.1,288.97,288.87,288.78,288.71,288.68,288.74,288.9,289.13,289.36,289.48,289.43,289.2,288.88,288.6,288.5,288.6,288.89,289.26,289.61,289.89,290.06,290.13,290.12,290.07,289.99,289.9,289.82,289.71,289.58,289.45,289.37,289.4,289.55,289.75,289.91,289.93,289.79,289.55,289.32,289.16,289.11,289.15,289.2,289.2,289.08,288.86,288.58,288.3,288.11,288.02,288.03,288.02,288.16,288.12,288.17,288.04,287.99,288.03,288.2,288.6,289.25,290.02
290.47,290.54,290.53,290.42,290.21,289.95,289.72,289.56,289.5,289.51,289.52,289.46,289.3,289.09,288.9,288.84,288.95,289.2,289.47,289.65,289.63,289.38,289.0,288.63,288.43,288.48,288.77,289.18,289.6,289.92,290.12,290.18,290.17,290.11,290.04,289.96,289.88,289.77,289.62,289.44,289.32,289.31,289.44,289.65,289.85,289.94,289.88,289.71,289.53,289.42,289.43,289.51,289.56,289.52,289.34,289.07,288.81,288.61,288.52,288.47,288.42,288.32,288.11,287.99,287.78,287.63,287.48,287.54,287.7,288.1,288.7,289.52
290.14,290.24,290.27,290.18,290.01,289.82,289.68,289.65,289.74,289.89,290.0,289.97,289.78,289.49,289.2,289.05,289.1,289.32,289.62,289.85,289.89,289.71,289.34,288.93,288.65,288.6,288.82,289.21,289.63,289.97,290.16,290.21,290.17,290.1,290.02,289.94,289.83,289.69,289.49,289.32,289.23,289.24,289.39,289.62,289.83,289.92,289.89,289.77,289.65,289.62,289.7,289.82,289.86,289.78,289.52,289.24,289.01,288.9,288.9,288.9,288.83,288.64,288.36,288.03,287.72,287.48,287.31,287.27,287.33,287.63,288.14,288.85
289.94,290.02,290.06,290.03,289.93,289.82,289.77,289.84,290.0,290.19,290.32,290.3,290.13,289.83,289.53,289.35,289.35,289.52,289.79,290.04,290.15,290.05,289.77,289.4,289.08,288.97,289.09,289.39,289.75,290.04,290.2,290.24,290.19,290.11,290.01,289.89,289.72,289.5,289.29,289.15,289.13,289.25,289.47,289.72,289.87,289.9,289.81,289.69,289.63,289.72,289.91,290.07,290.11,289.98,289.73,289.47,289.25,289.2,289.24,289.25,289.16,288.94,288.6,288.22,287.86,287.53,287.27,287.09,287.06,287.15,287.57,288.11
290.01,290.03,290.05,290.05,290.02,290.01,290.05,290.15,290.29,290.42,290.5,290.46,290.32,290.1,289.88,289.73,289.7,289.8,290.0,290.22,290.35,290.33,290.16,289.89,289.63,289.5,289.53,289.7,289.93,290.13,290.23,290.24,290.2,290.13,290.01,289.84,289.6,289.3,289.07,288.99,289.09,289.34,289.67,289.91,289.99,289.89,289.7,289.55,289.56,289.74,290.02,290.24,290.3,290.16,289.91,289.68,289.54,289.5,289.51,289.49,289.32,289.09,288.77,288.4,287.99,287.6,287.26,287.0,286.85,286.94,287.21,287.59
290.4,290.33,290.3,290.29,290.31,290.36,290.45,290.55,290.63,290.66,290.63,290.55,290.45,290.32,290.21,290.13,290.1,290.14,290.25,290.39,290.49,290.51,290.43,290.28,290.12,290.02,290.01,290.07,290.16,290.22,290.24,290.23,290.2,290.15,290.02,289.8,289.49,289.13,288.9,288.87,289.09,289.49,289.87,290.12,290.15,289.96,289.69,289.5,289.53,289.76,290.08,290.33,290.39,290.28,290.06,289.85,289.7,289.62,289.56,289.48,289.34,289.08,288.8,288.42,287.98,287.55,287.21,286.99,286.97,287.04,287.26,287.54
