examples/temperature.grib2.json
{"header": {"parameterCategory":1,"parameterNumber":1,"lo1":112.02,"la1":30.02,"lo2":129.99,"la2":44.99,"dx":0.03,"dy":0.03,"nx":600,"ny":500,"numberPoints":300000,"refTime":"2018-09-16T07:00:00","forecastTime":0}, "data":
[rows 32 to 63 of 500, columns 72 to 143 of 600]
301.2,301.41,301.38,301.64,301.68,301.98,301.73,301.34,301.24,301.2,301.22,301.29,301.4,301.81,301.94,301.95,301.67,301.7,301.78,301.8,301.9,301.97,301.88,301.62,301.68,301.81,302.02,301.99,301.76,301.97,301.74,301.43,300.88,300.43,300.11,299.52,299.46,299.33,299.77,300.65,300.85,300.53,300.97,300.23,299.74,299.86,299.93,300.33,299.96,299.5,298.82,298.64,298.88,297.88,297.04,296.23,295.62,295.27,295.09,295.04,294.92,294.39,293.26,292.2,291.82,292.28,293.13,293.85,293.9,293.43,292.8,292.2
301.34,301.28,301.24,300.88,301.46,301.33,301.14,300.98,300.83,300.8,300.94,301.1,301.26,301.66,301.52,301.53,301.52,301.47,301.54,301.65,301.77,301.85,301.89,301.88,301.81,301.82,301.9,301.99,301.98,301.49,301.23,301.54,300.99,300.02,299.24,298.72,298.69,299.18,299.67,300.83,301.55,300.53,299.95,299.35,299.21,299.26,299.21,299.36,299.91,299.57,299.08,298.59,297.98,297.17,296.29,295.58,295.22,294.97,294.88,294.58,294.16,293.54,292.8,292.02,291.68,291.84,292.44,292.86,292.79,292.37,291.85,291.6
301.2,301.11,301.09,300.74,301.05,300.96,300.76,300.85,300.31,300.45,300.67,300.96,301.16,301.29,301.42,301.43,301.41,301.34,301.4,301.5,301.61,301.7,301.76,301.79,301.82,301.88,301.94,301.98,301.95,301.77,301.17,300.76,300.1,299.2,298.33,297.73,297.94,298.57,299.97,300.28,301.18,301.56,300.11,299.16,298.41,298.07,298.46,298.83,299.23,298.93,298.44,297.64,296.85,295.83,295.01,294.57,294.34,294.43,294.57,294.29,293.69,293.07,292.63,292.29,292.0,291.67,291.55,291.43,291.45,291.54,291.61,291.62
300.9,300.48,300.7,300.45,300.49,300.47,300.43,300.21,300.1,299.37,299.58,300.87,301.09,301.21,301.35,301.35,301.33,301.26,301.29,301.36,301.43,301.5,301.58,301.66,301.75,301.85,301.93,301.93,301.84,301.63,301.25,300.44,299.63,298.66,297.97,297.18,297.16,297.87,299.06,300.32,300.7,301.3,300.89,299.92,298.29,297.43,297.06,297.36,298.38,298.7,297.81,296.77,295.33,294.07,293.32,293.21,293.57,294.12,294.37,294.26,293.74,293.2,292.88,292.78,292.37,291.66,290.81,290.59,290.73,291.19,291.67,292.0
300.12,300.11,300.41,300.45,299.53,300.7,300.66,300.56,300.54,300.29,299.59,300.87,301.08,301.2,301.27,301.29,301.28,301.2,301.2,301.21,301.23,301.28,301.36,301.49,301.66,301.81,301.91,301.89,301.72,301.44,301.05,300.45,299.38,298.71,297.62,296.84,296.64,297.22,298.65,299.61,300.27,300.71,301.03,300.03,298.58,297.27,296.56,296.34,296.91,297.44,297.06,295.75,294.1,292.54,291.65,292.0,292.89,293.76,294.21,294.23,293.94,293.63,293.41,293.28,292.84,291.82,290.71,290.35,290.52,291.13,291.85,292.44
299.92,299.29,298.9,299.25,299.73,300.37,300.37,300.72,300.25,299.52,300.62,300.82,300.98,301.1,301.18,301.22,301.23,301.13,301.1,301.07,301.04,301.04,301.12,301.28,301.48,301.66,301.77,301.77,301.62,301.37,301.04,300.51,299.92,298.93,297.85,296.91,296.5,296.8,298.24,298.92,300.03,300.26,300.64,300.05,298.49,297.12,295.98,295.73,295.98,296.39,296.11,294.91,293.32,291.74,291.17,291.59,292.48,293.4,294.01,294.25,294.22,294.14,294.03,293.79,293.23,292.22,291.13,290.7,290.67,291.32,292.09,292.87
298.75,298.2,298.25,298.69,299.35,300.42,300.42,300.4,300.37,300.34,300.59,300.76,300.89,300.99,301.05,301.11,301.15,301.05,300.99,300.93,300.9,300.85,300.87,301.03,301.21,301.36,301.48,301.52,301.5,301.43,301.31,301.04,300.5,299.63,298.55,297.47,296.78,296.77,297.4,298.84,299.6,299.75,299.73,299.22,298.22,297.17,295.91,295.5,295.38,295.39,295.03,294.1,292.84,291.58,291.26,291.58,292.31,293.13,293.78,294.23,294.47,294.6,294.56,294.27,293.69,292.77,291.93,291.42,291.3,291.65,292.33,293.14
298.22,297.75,297.82,298.43,299.37,300.12,300.85,300.56,300.55,300.43,300.34,300.68,300.79,300.86,300.95,301.08,301.17,300.9,300.85,299.79,300.79,300.74,299.74,299.86,300.92,300.97,301.06,301.15,301.31,301.5,301.62,301.58,301.14,300.39,299.33,298.18,297.35,297.11,297.31,297.81,298.95,299.16,298.74,298.41,297.54,296.78,296.25,295.64,295.09,294.51,293.83,293.1,292.26,291.78,291.65,291.86,292.35,293.02,293.64,294.21,294.62,294.83,294.79,294.5,294.04,293.38,292.8,292.35,292.16,292.25,292.68,293.37
298.18,297.68,297.82,298.62,299.41,300.45,300.5,300.54,300.51,300.68,300.24,300.24,300.66,300.84,300.83,300.87,300.9,300.9,300.71,300.7,300.72,300.72,299.74,300.76,300.68,300.61,300.62,300.78,301.06,301.43,301.7,301.8,301.62,301.29,300.36,299.05,298.09,297.46,297.39,297.51,297.68,297.87,297.73,297.21,297.04,296.94,296.71,296.07,295.15,294.12,292.99,292.16,291.74,291.75,291.87,292.08,292.47,292.98,293.62,294.22,294.71,294.85,294.67,294.38,294.14,293.88,293.55,293.26,293.01,292.94,293.2,293.72
298.07,297.89,298.4,298.73,299.63,299.64,300.59,300.55,300.45,300.47,300.38,300.38,300.15,300.57,300.7,300.72,300.69,300.63,300.52,300.54,300.62,300.7,299.72,300.69,300.55,300.39,300.39,300.57,300.84,301.15,301.41,301.53,301.46,301.38,300.55,299.74,298.76,297.92,297.1,296.79,296.63,296.86,296.42,296.4,296.57,296.83,297.32,296.37,295.42,293.98,292.33,291.32,291.14,291.39,291.73,292.05,292.46,292.95,293.59,294.22,294.63,294.6,294.21,293.9,293.81,293.93,294.1,294.03,293.91,293.8,293.91,294.23
298.49,298.28,298.71,299.08,299.0,299.64,299.82,299.94,300.22,300.1,300.3,300.3,300.33,300.44,300.57,300.58,300.48,300.38,300.32,300.35,300.47,300.61,300.74,300.69,300.81,300.41,300.38,300.5,300.67,300.79,300.82,300.81,300.79,300.73,300.53,300.05,299.25,298.32,297.07,296.32,295.85,295.63,295.54,295.61,295.91,296.46,297.18,296.91,295.7,294.09,292.25,291.0,290.89,291.09,291.46,291.87,292.32,292.9,293.57,294.17,294.42,294.19,293.61,293.18,293.21,293.66,294.25,294.65,294.77,294.78,294.79,294.98
298.64,298.26,298.9,298.87,298.71,299.29,299.48,299.68,299.81,299.78,299.85,300.19,300.18,299.3,300.45,300.46,300.36,300.24,300.13,300.14,300.28,300.42,300.56,300.61,300.46,300.65,300.4,300.46,300.47,300.32,300.04,299.71,299.67,299.87,300.01,299.52,298.88,297.87,296.74,295.69,295.02,294.77,294.74,294.91,295.38,295.96,296.45,296.47,295.77,294.2,292.47,291.21,290.85,290.99,291.36,291.81,292.32,292.94,293.57,294.07,294.17,293.78,293.07,292.54,292.63,293.31,294.19,295.0,295.51,295.8,295.73,295.66
298.55,298.37,298.32,298.53,298.8,299.04,299.26,299.53,299.7,299.8,299.69,299.72,299.08,299.22,300.07,300.36,300.26,300.19,299.99,300.02,300.48,300.3,300.38,300.63,300.59,300.61,300.72,300.52,300.41,299.72,299.18,298.71,298.42,298.71,299.1,299.01,299.05,297.66,296.31,295.06,294.2,293.89,294.04,294.5,295.1,295.63,295.94,295.99,295.45,294.38,293.05,291.87,291.34,291.27,291.57,291.97,292.52,293.13,293.64,293.94,293.9,293.45,292.82,292.44,292.6,293.32,294.32,295.38,296.09,296.45,296.42,296.23
298.4,298.1,297.97,298.26,298.57,298.9,299.2,299.45,299.64,299.65,299.59,299.6,299.04,299.14,300.11,300.15,300.14,300.0,299.96,299.95,300.15,299.9,300.18,300.22,300.05,300.17,300.32,300.41,300.0,299.63,298.86,298.07,297.55,297.61,298.03,298.51,298.14,297.24,295.9,294.54,293.52,293.14,293.55,294.25,294.94,295.46,295.66,295.53,295.18,294.56,293.78,293.02,292.35,292.07,292.17,292.52,293.0,293.48,293.79,293.88,293.73,293.4,293.04,292.89,293.14,293.81,294.76,295.79,296.5,296.8,296.87,296.75
298.15,297.85,298.09,298.18,298.53,298.97,299.19,299.35,299.53,299.47,299.41,299.34,299.93,299.04,300.02,300.19,300.21,299.85,299.67,299.59,299.77,299.4,299.19,299.7,299.78,299.33,299.53,299.77,300.07,299.54,298.96,298.06,297.28,296.91,297.28,297.77,297.57,297.21,295.8,294.33,293.13,292.79,293.32,294.17,294.96,295.41,295.54,295.38,295.06,294.73,294.41,294.07,293.74,293.48,293.38,293.46,293.66,293.87,293.97,293.94,293.82,293.72,293.67,293.73,294.04,294.58,295.35,296.16,296.75,297.09,297.19,297.17
297.87,297.79,297.91,298.26,298.67,299.0,299.11,299.24,299.43,299.4,299.28,299.28,299.26,299.58,300.09,300.14,300.23,299.97,299.79,300.1,299.45,299.21,298.87,298.85,298.86,298.9,298.95,299.08,299.55,299.65,299.05,298.23,297.67,297.08,296.81,297.1,297.12,296.89,295.96,294.65,293.25,292.87,293.4,294.28,295.02,295.48,295.56,295.38,295.13,294.99,294.99,295.06,295.1,295.06,294.78,294.52,294.3,294.18,294.12,294.12,294.21,294.38,294.56,294.76,295.02,295.36,295.79,296.33,296.75,297.21,297.34,297.49
297.7,297.7,298.08,298.44,298.72,298.9,298.93,299.22,299.38,299.46,299.45,299.15,299.03,299.34,299.58,299.7,299.98,300.44,300.02,299.62,299.54,298.92,298.74,298.84,298.47,298.44,298.26,298.31,298.86,298.81,298.79,298.49,297.93,297.32,296.94,296.88,297.12,297.27,296.42,295.34,293.99,293.39,293.73,294.47,295.17,295.62,295.73,295.59,295.41,295.37,295.56,295.91,296.29,296.28,295.93,295.35,294.73,294.25,294.13,294.32,294.74,295.48,295.57,295.81,295.9,295.89,295.94,296.21,296.62,296.99,297.28,297.58
297.54,298.03,298.21,298.55,298.71,298.75,298.5,298.74,298.94,298.81,299.18,299.13,299.11,298.83,298.8,299.01,299.71,300.24,299.83,299.45,299.16,298.69,298.49,298.56,298.11,297.84,297.67,297.58,297.79,298.01,298.22,298.17,297.86,297.31,296.83,296.62,296.88,297.23,296.67,296.06,294.95,294.24,294.21,294.71,295.29,295.69,295.84,295.84,295.81,296.1,296.17,296.58,297.15,297.15,296.52,295.67,294.76,294.15,294.09,294.53,295.28,296.08,296.68,296.51,296.28,295.98,295.77,295.96,296.4,296.89,297.3,297.56
297.84,297.95,298.27,298.49,298.64,298.48,298.46,298.52,298.4,298.6,298.67,298.54,298.45,297.93,297.76,298.24,299.1,299.64,299.18,299.1,299.08,298.33,297.92,298.22,297.67,297.41,297.03,296.79,296.62,296.9,297.07,297.4,297.45,297.67,296.9,296.71,296.86,297.0,296.91,296.7,295.59,294.76,294.54,294.79,295.24,295.69,295.98,296.35,296.22,296.35,296.82,296.98,297.17,297.07,296.47,295.62,294.61,293.99,294.04,294.7,295.65,296.48,297.1,296.91,296.3,295.78,295.59,295.8,296.32,296.88,297.3,297.64
297.64,297.93,298.21,298.54,298.4,298.11,297.99,297.89,298.0,298.2,298.29,298.38,297.7,297.14,296.95,297.4,297.96,299.0,298.75,298.64,298.84,298.02,297.59,297.84,297.51,297.28,296.78,296.2,295.77,295.67,295.87,296.21,296.79,296.84,296.76,296.64,296.85,297.09,297.15,296.95,296.26,295.44,294.83,294.78,295.09,295.58,296.02,296.31,296.51,296.86,296.99,296.88,296.94,296.79,296.26,295.39,294.5,293.99,294.12,294.83,295.8,296.59,297.07,296.85,296.3,295.75,295.64,295.91,296.45,296.96,297.38,297.6
297.71,297.8,298.0,298.24,298.26,297.93,297.71,297.66,297.78,298.08,298.01,298.26,297.25,296.55,296.27,296.5,297.05,298.12,298.63,298.72,298.08,297.65,297.12,297.16,297.42,297.15,296.75,296.04,295.37,294.89,294.85,295.11,295.47,295.89,296.11,296.37,296.73,297.1,297.42,297.43,296.81,296.05,295.45,294.79,294.92,295.35,295.8,296.2,296.45,296.54,296.59,296.5,296.4,296.42,295.83,295.15,294.56,294.23,294.4,294.98,295.75,296.52,296.75,296.68,296.36,296.03,295.94,296.22,296.68,297.14,297.56,297.74
297.55,297.67,297.69,297.71,297.83,297.6,297.23,297.53,297.51,297.86,297.99,298.2,297.16,296.35,295.93,296.11,296.6,297.62,298.03,297.72,297.18,296.77,296.47,296.96,297.25,297.26,296.86,296.29,295.56,294.88,294.54,294.59,294.91,295.27,295.68,296.06,296.59,297.04,297.57,297.98,297.62,296.52,295.91,295.24,294.95,294.97,295.16,295.61,295.92,296.06,296.24,296.07,295.63,295.43,295.3,295.14,294.82,294.74,294.86,295.22,295.7,296.14,296.48,296.59,296.49,296.38,296.41,296.69,296.96,297.17,297.44,297.59
297.36,297.4,297.42,297.28,297.11,297.13,297.07,297.26,297.43,297.82,298.03,298.29,297.42,296.64,296.11,296.21,296.62,296.89,297.38,296.75,296.32,296.03,296.06,296.54,296.79,297.04,297.13,296.65,296.18,295.58,295.07,294.94,295.05,295.37,295.73,296.1,296.53,296.93,297.27,297.22,297.69,297.23,296.48,295.64,294.96,294.57,294.29,294.55,294.93,295.2,295.23,295.03,294.77,294.63,294.89,295.09,295.37,295.54,295.45,295.55,295.78,296.26,296.58,296.68,296.79,296.82,296.94,297.03,297.14,297.25,297.4,297.7
297.08,297.08,297.07,296.96,296.62,296.14,296.53,296.87,297.45,297.77,298.05,298.2,297.55,296.98,296.51,296.35,296.52,296.76,297.1,296.6,296.32,296.16,296.27,296.85,296.93,297.15,297.15,297.19,296.6,296.26,295.97,295.84,295.9,296.31,296.32,296.76,296.64,296.81,297.28,297.14,297.64,297.49,296.86,295.74,294.73,293.68,293.32,293.39,293.8,294.25,294.42,294.23,293.96,293.89,294.23,295.01,295.54,295.9,296.06,295.98,295.88,296.0,296.34,296.75,296.97,297.18,297.24,297.25,297.24,297.24,297.35,297.54
296.77,296.7,296.7,296.24,295.5,295.33,295.56,296.38,297.47,297.96,298.08,298.08,297.88,297.08,296.68,296.53,296.64,296.8,297.17,297.12,296.76,296.72,297.1,297.31,297.27,297.46,297.42,297.27,297.07,297.06,296.95,296.82,296.9,296.98,297.05,297.07,297.21,297.2,297.26,297.21,297.66,297.72,297.35,296.1,294.56,293.13,292.41,292.49,292.98,293.52,293.77,293.64,293.41,293.44,293.97,294.81,295.7,296.46,296.57,296.36,296.12,296.12,296.42,296.83,297.11,297.33,297.39,297.36,297.28,297.26,297.33,297.5
296.38,296.36,296.19,295.39,294.79,294.45,295.02,295.79,296.78,297.63,297.91,297.97,298.18,297.46,297.06,296.67,296.99,297.17,297.18,297.32,297.58,297.52,297.7,297.81,297.83,297.77,297.65,297.52,297.54,297.49,297.55,297.49,297.56,297.57,297.49,297.38,297.36,297.43,297.11,297.36,297.78,297.77,297.69,296.33,295.08,293.5,292.64,292.58,292.84,293.25,293.45,293.4,293.3,293.47,294.08,294.98,295.9,296.73,296.87,296.78,296.7,296.5,296.97,296.99,297.21,297.33,297.34,297.3,297.24,297.25,297.31,297.45
296.08,296.31,295.77,295.14,294.4,293.97,294.18,295.09,296.24,297.15,297.58,297.96,297.79,297.41,297.11,297.04,297.17,297.47,297.73,297.84,298.04,298.21,298.34,298.39,298.3,298.13,297.93,297.79,297.84,297.71,297.78,297.85,297.88,297.81,297.65,297.45,297.3,297.19,297.27,297.47,297.64,297.69,297.28,296.49,295.57,294.39,293.71,293.55,293.53,293.54,293.54,293.51,293.58,293.92,294.56,295.4,296.28,296.82,297.05,297.03,296.94,296.98,297.21,297.39,297.31,297.32,297.3,297.27,297.26,297.27,297.31,297.4
295.63,296.09,295.94,295.2,294.54,294.12,294.25,294.9,295.88,296.76,297.34,297.57,297.6,297.18,297.16,296.94,297.16,297.75,298.06,298.35,298.42,298.58,298.68,298.7,298.6,298.43,298.23,298.07,297.96,297.92,297.91,297.91,297.88,297.77,297.61,297.41,297.24,297.2,297.29,297.47,297.72,297.64,297.36,296.85,296.23,295.66,295.31,294.95,294.65,294.34,294.02,293.98,294.28,294.66,295.42,296.1,296.64,297.0,297.18,297.23,297.24,297.44,297.3,297.36,297.47,297.38,297.31,297.26,297.24,297.26,297.29,297.36
295.15,295.59,295.76,295.53,295.16,294.67,294.71,295.16,295.96,296.77,297.14,297.33,297.4,297.26,297.05,297.22,297.52,297.82,298.13,298.36,298.56,298.68,298.76,298.77,298.77,298.73,298.48,298.33,298.24,298.15,298.03,297.9,297.8,297.67,297.49,297.29,297.26,297.21,297.29,297.32,297.47,297.51,297.41,297.23,296.98,296.76,296.59,296.13,295.61,295.11,294.77,294.73,295.0,295.51,296.06,296.65,297.0,297.2,297.34,297.5,297.47,297.41,297.39,297.36,297.35,297.36,297.39,297.3,297.23,297.23,297.25,297.29
294.35,295.0,295.56,295.81,295.67,295.32,295.34,295.71,296.17,296.66,297.0,297.13,297.11,297.2,297.1,297.32,297.64,297.93,298.19,298.36,298.5,298.59,298.68,298.71,298.81,299.02,298.9,298.89,298.5,298.35,298.15,297.93,297.77,297.62,297.44,297.21,297.03,297.08,297.1,297.12,297.25,297.35,297.41,297.44,297.45,297.55,297.35,296.99,296.49,296.03,295.73,295.66,295.9,296.3,296.71,297.06,297.25,297.39,297.75,297.63,297.53,297.45,297.3,297.28,297.33,297.34,297.33,297.38,297.27,297.22,297.21,297.25
294.0,294.52,295.1,295.49,295.81,295.93,296.12,296.18,296.42,296.69,296.9,297.0,297.02,297.16,297.13,297.34,297.79,297.95,298.17,298.29,298.37,298.42,298.47,298.55,298.61,298.94,298.87,298.92,298.89,298.49,298.23,298.01,297.86,297.71,297.54,297.45,297.21,297.08,296.88,297.16,297.17,297.28,297.33,297.37,297.4,297.54,297.46,297.16,296.89,296.62,296.44,296.44,296.59,296.8,297.03,297.22,297.47,297.54,297.58,297.53,297.43,297.27,297.11,297.15,297.24,297.3,297.31,297.35,297.3,297.27,297.26,297.27
294.04,294.29,294.91,295.47,295.93,296.19,296.39,296.49,296.57,296.68,296.81,296.89,297.06,297.12,297.22,297.28,297.56,297.85,298.08,298.19,298.24,298.27,298.31,298.38,298.5,298.63,298.86,298.95,299.0,298.52,298.3,298.13,298.04,297.94,297.78,297.57,297.33,297.16,297.1,297.14,297.24,297.33,297.38,297.35,297.3,297.25,297.22,297.19,297.15,297.08,297.02,297.01,297.02,297.06,297.12,297.18,297.26,297.47,297.67,297.6,297.36,297.13,297.02,297.05,297.13,297.2,297.23,297.26,297.4,297.29,297.31,297.34
