examples/temperature.grib2.json
{"header": {"parameterCategory":1,"parameterNumber":1,"lo1":112.02,"la1":30.02,"lo2":129.99,"la2":44.99,"dx":0.03,"dy":0.03,"nx":600,"ny":500,"numberPoints":300000,"refTime":"2018-09-16T07:00:00","forecastTime":0}, "data":
[rows 352 to 383 of 500, columns 72 to 143 of 600]
290.25,290.43,290.69,291.04,291.59,292.22,292.74,293.03,293.01,292.73,292.33,292.0,291.85,291.87,291.98,291.9,291.59,291.11,290.66,290.46,290.68,291.28,292.11,292.99,293.74,294.29,294.65,294.91,295.13,295.45,295.37,295.29,295.09,294.8,294.47,294.16,293.79,293.42,292.85,291.97,290.78,289.4,288.13,287.3,287.07,287.41,288.1,288.86,289.48,289.73,289.55,288.96,288.18,287.6,287.56,288.2,289.44,290.92,292.23,293.22,293.74,294.09,294.36,294.66,295.0,295.26,295.28,294.97,294.31,293.53,292.8,292.32
290.13,290.36,290.66,291.08,291.67,292.36,293.03,293.48,293.52,293.29,292.84,292.4,292.14,292.1,292.26,292.36,292.32,292.13,291.89,291.79,291.95,292.4,293.06,293.75,294.33,294.71,294.91,295.01,295.19,295.16,294.9,294.68,294.48,294.26,294.01,293.78,293.59,293.41,293.12,292.56,291.63,290.41,289.1,288.02,287.45,287.4,287.79,288.39,289.04,289.56,289.75,289.57,289.01,288.35,287.97,288.16,288.95,290.11,291.31,292.3,293.0,293.5,293.87,294.16,294.59,294.82,294.89,294.78,294.39,293.84,293.26,292.81
290.53,290.72,290.97,291.36,291.9,292.58,293.26,293.78,293.92,293.81,293.48,293.1,292.81,292.72,292.84,292.97,293.08,293.1,293.06,293.07,293.21,293.52,293.96,294.4,294.74,294.92,294.99,294.93,294.74,294.47,294.16,293.84,293.64,293.5,293.41,293.4,293.4,293.47,293.47,293.21,292.55,291.49,290.25,289.19,288.49,288.2,288.32,288.64,289.11,289.66,290.16,290.41,290.3,289.9,289.45,289.3,289.6,290.3,291.2,292.09,292.8,293.29,293.58,293.71,293.92,294.01,294.0,294.01,293.92,293.77,293.56,293.32
290.85,290.93,291.1,291.49,292.01,292.66,293.32,293.84,294.13,294.18,294.04,293.82,293.63,293.54,293.58,293.66,293.79,293.9,293.99,294.08,294.21,294.4,294.62,294.81,294.9,294.9,294.85,294.68,294.31,293.88,293.44,293.05,292.79,292.65,292.63,292.75,292.99,293.3,293.5,293.42,292.9,292.0,290.96,290.12,289.54,289.32,289.29,289.38,289.61,290.05,290.68,291.21,291.53,291.44,291.11,290.8,290.74,291.04,291.62,292.4,292.97,293.43,293.64,293.67,293.58,293.43,293.31,293.23,293.35,293.51,293.7,293.81
290.69,290.69,290.8,291.17,291.7,292.35,292.99,293.52,293.9,294.11,294.18,294.15,294.08,294.03,294.03,294.1,294.22,294.36,294.5,294.64,294.77,294.89,294.96,294.92,294.77,294.62,294.45,294.21,293.83,293.4,292.93,292.46,292.05,291.77,291.69,291.84,292.2,292.64,292.93,292.85,292.36,291.58,290.81,290.33,290.2,290.28,290.36,290.37,290.39,290.65,291.12,291.67,292.11,292.25,292.14,291.87,291.71,291.76,292.22,292.64,293.0,293.27,293.39,293.38,293.23,292.98,292.66,292.58,292.71,293.08,293.56,293.99
289.98,289.96,290.09,290.49,291.03,291.65,292.26,292.83,293.31,293.69,293.92,294.01,293.99,293.94,293.94,294.02,294.17,294.36,294.56,294.73,294.89,294.98,294.94,294.71,294.4,294.06,293.74,293.46,293.13,292.82,292.44,291.93,291.37,290.88,290.62,290.67,291.03,291.41,291.63,291.51,290.98,290.4,289.99,290.06,290.43,290.92,291.23,291.27,291.11,291.05,291.23,291.56,291.93,292.14,292.19,292.12,292.1,292.17,292.42,292.54,292.7,292.73,292.68,292.68,292.62,292.43,292.19,292.02,292.13,292.58,293.28,293.99
289.14,289.22,289.45,289.82,290.27,290.76,291.28,291.86,292.47,293.0,293.33,293.41,293.33,293.2,293.23,293.38,293.66,293.97,294.26,294.48,294.65,294.71,294.59,294.29,293.84,293.25,292.75,292.4,292.22,292.09,291.84,291.36,290.7,290.03,289.53,289.34,289.43,289.61,289.63,289.38,288.92,288.57,288.61,289.1,289.94,290.75,291.26,291.38,291.24,291.08,290.98,291.05,291.2,291.42,291.63,291.82,292.04,292.21,292.3,292.31,292.14,291.73,291.63,291.68,291.77,291.76,291.69,291.69,291.82,292.27,293.02,293.8
288.7,288.93,289.27,289.61,289.88,290.13,290.48,291.01,291.69,292.3,292.66,292.67,292.43,292.18,292.18,292.44,292.9,293.39,293.79,294.04,294.16,294.15,294.02,293.91,293.21,292.48,291.84,291.43,291.28,291.25,291.12,290.73,290.03,289.17,288.41,287.9,287.66,287.56,287.41,287.12,286.8,286.69,287.02,287.81,288.88,289.93,290.67,291.02,291.04,290.86,290.64,290.46,290.38,290.57,290.84,291.23,291.66,292.03,292.13,292.04,291.57,291.02,290.77,290.83,291.11,291.33,291.59,291.8,291.95,292.3,292.9,293.51
288.91,289.28,289.66,289.9,289.94,289.91,290.02,290.41,291.02,291.62,291.94,291.87,291.54,291.22,291.24,291.6,292.21,292.83,293.27,293.46,293.47,293.4,293.28,293.24,292.79,291.9,291.2,290.69,290.44,290.38,290.29,289.97,289.33,288.45,287.55,286.81,286.31,285.99,285.71,285.44,285.24,285.29,285.77,286.64,287.75,288.86,289.72,290.27,290.5,290.47,290.28,290.06,289.88,290.04,290.39,290.91,291.48,291.95,292.06,291.84,291.38,290.64,290.29,290.33,290.69,291.2,291.79,292.26,292.43,292.59,292.8,293.14
289.65,290.04,290.37,290.46,290.28,290.0,289.85,290.0,290.41,290.87,291.13,291.08,290.8,290.57,290.64,291.08,291.75,292.38,292.73,292.76,292.66,292.52,292.47,292.41,292.18,291.69,291.02,290.37,289.91,289.68,289.56,289.3,288.83,288.11,287.24,286.4,285.73,285.25,284.88,284.59,284.43,284.53,284.98,285.74,286.69,287.69,288.59,289.3,289.77,289.98,289.97,289.9,289.87,290.09,290.48,291.01,291.54,291.93,291.92,291.66,291.22,290.71,290.33,290.43,290.91,291.65,292.36,292.88,292.98,292.78,292.58,292.47
290.5,290.78,290.93,290.84,290.5,290.04,289.66,289.53,289.68,289.97,290.21,290.29,290.25,290.25,290.49,290.98,291.59,292.06,292.19,292.01,291.75,291.58,291.66,291.87,291.97,291.75,291.16,290.36,289.64,289.18,288.99,288.85,288.63,288.17,287.47,286.69,285.98,285.41,284.95,284.59,284.32,284.25,284.46,284.99,285.74,286.65,287.59,288.45,289.09,289.51,289.76,289.93,290.16,290.56,290.99,291.4,291.71,291.9,291.77,291.52,291.23,290.92,290.74,290.87,291.41,292.18,292.89,293.25,293.23,292.76,292.17,291.72
291.07,291.14,291.05,290.77,290.3,289.71,289.16,288.79,288.72,288.89,289.19,289.5,289.76,290.03,290.41,290.88,291.33,291.56,291.46,291.09,290.74,290.6,290.85,291.35,291.8,291.86,291.41,290.58,289.68,289.0,288.64,288.58,288.57,288.39,287.96,287.38,286.78,286.22,285.67,285.09,284.53,284.12,284.01,284.32,285.0,285.95,286.97,287.91,288.63,289.1,289.52,289.96,290.46,291.09,291.44,291.62,291.59,291.45,291.26,291.12,291.08,291.12,291.19,291.42,291.92,292.5,293.05,293.19,292.95,292.25,291.56,291.01
291.1,290.96,290.67,290.23,289.64,288.95,288.28,287.8,287.62,287.78,288.17,288.66,289.14,289.57,289.98,290.38,290.67,290.72,290.46,290.01,289.63,289.59,289.97,290.67,291.35,291.68,291.48,290.78,289.85,289.03,288.55,288.41,288.45,288.47,288.35,288.07,287.68,287.17,286.51,285.67,284.76,283.99,283.61,283.85,284.62,285.73,286.85,287.83,288.48,288.9,289.33,289.92,290.59,291.17,291.46,291.38,291.04,290.64,290.43,290.47,290.8,291.17,291.49,291.77,292.06,292.35,292.47,292.4,292.02,291.42,290.8,290.39
290.66,290.42,290.0,289.46,288.72,287.95,287.26,286.81,286.67,286.85,287.27,287.8,288.33,288.77,289.14,289.45,289.62,289.57,289.28,288.89,288.63,288.7,289.15,289.89,290.66,291.18,291.27,290.86,290.1,289.26,288.6,288.26,288.22,288.3,288.39,288.39,288.22,287.8,287.08,286.03,284.9,283.94,283.46,283.73,284.63,285.85,287.13,288.06,288.57,288.83,289.16,289.74,290.43,290.97,291.15,290.86,290.25,289.68,289.45,289.71,290.28,291.0,291.53,291.75,291.75,291.69,291.6,291.29,290.88,290.4,290.02,289.88
289.94,289.7,289.22,288.57,287.82,287.08,286.49,286.15,286.08,286.28,286.66,287.1,287.52,287.88,288.15,288.35,288.43,288.36,288.15,287.91,287.8,287.94,288.36,288.98,289.68,290.28,290.63,290.59,290.16,289.44,288.7,288.15,287.92,287.97,288.12,288.23,288.16,287.81,287.12,286.11,285.03,284.1,283.7,284.03,284.98,286.24,287.49,288.33,288.71,288.85,289.08,289.51,290.16,290.61,290.66,290.2,289.41,288.75,288.59,288.93,289.75,290.74,291.38,291.48,291.26,290.85,290.4,289.99,289.62,289.33,289.21,289.36
289.1,288.92,288.5,287.89,287.22,286.63,286.2,286.0,285.99,286.14,286.39,286.67,286.94,287.17,287.33,287.43,287.46,287.41,287.31,287.24,287.25,287.4,287.66,288.05,288.54,289.11,289.65,289.97,289.9,289.43,288.73,288.08,287.7,287.62,287.7,287.75,287.63,287.29,286.72,286.0,285.23,284.6,284.35,284.69,285.54,286.66,287.74,288.47,288.81,288.97,289.18,289.57,290.02,290.32,290.19,289.59,288.82,288.17,288.01,288.48,289.39,290.46,291.13,291.2,290.77,290.06,289.33,288.73,288.37,288.16,288.26,288.69
288.29,288.16,287.85,287.39,286.92,286.56,286.36,286.29,286.3,286.35,286.42,286.53,286.66,286.8,286.9,286.95,286.96,286.93,286.93,286.96,287.03,287.12,287.21,287.33,287.56,287.99,288.56,289.09,289.33,289.15,288.64,288.04,287.59,287.38,287.29,287.17,286.89,286.51,286.1,285.72,285.4,285.19,285.18,285.5,286.14,286.99,287.84,288.47,288.86,289.11,289.38,289.71,290.03,290.16,289.91,289.27,288.52,287.97,287.89,288.38,289.26,290.22,290.9,290.97,290.49,289.62,288.65,287.84,287.29,287.15,287.35,287.99
287.61,287.5,287.28,287.01,286.78,286.67,286.68,286.73,286.75,286.7,286.62,286.59,286.64,286.75,286.86,286.92,286.93,286.93,286.96,287.02,287.08,287.1,287.03,286.93,286.93,287.16,287.6,288.14,288.54,288.63,288.38,287.96,287.55,287.23,286.97,286.63,286.19,285.76,285.46,285.37,285.44,285.6,285.84,286.18,286.66,287.27,287.91,288.46,288.89,289.25,289.59,289.91,290.11,290.07,289.62,289.05,288.35,287.95,288.02,288.52,289.35,290.2,290.79,290.91,290.41,289.53,288.45,287.41,286.65,286.4,286.67,287.42
287.16,287.02,286.85,286.72,286.68,286.76,286.92,287.07,287.1,287.01,286.85,286.75,286.77,286.9,287.06,287.18,287.23,287.24,287.25,287.27,287.28,287.23,287.08,286.88,286.71,286.71,286.92,287.31,287.7,287.94,287.94,287.72,287.38,287.01,286.6,286.13,285.61,285.17,284.93,284.97,285.23,285.62,286.06,286.52,287.02,287.55,288.07,288.54,288.94,289.3,289.66,289.95,290.05,289.87,289.31,288.66,288.09,287.83,288.04,288.61,289.42,290.19,290.71,290.78,290.39,289.6,288.46,287.3,286.42,286.11,286.4,287.18
287.01,286.81,286.64,286.55,286.59,286.76,287.01,287.21,287.29,287.21,287.06,286.95,286.97,287.12,287.32,287.49,287.58,287.58,287.55,287.51,287.47,287.4,287.25,287.04,286.79,286.6,286.56,286.7,286.97,287.23,287.37,287.3,287.03,286.62,286.14,285.64,285.14,284.75,284.54,284.56,284.8,285.24,285.82,286.48,287.16,287.79,288.3,288.68,288.97,289.22,289.47,289.67,289.67,289.4,288.82,288.06,287.49,287.31,287.67,288.4,289.31,290.11,290.55,290.57,290.18,289.41,288.35,287.26,286.46,286.22,286.57,287.32
287.13,286.87,286.66,286.54,286.58,286.76,287.02,287.26,287.39,287.36,287.25,287.15,287.17,287.31,287.52,287.7,287.8,287.8,287.72,287.64,287.57,287.51,287.4,287.23,286.97,286.69,286.46,286.37,286.46,286.65,286.8,286.79,286.54,286.11,285.6,285.12,284.73,284.45,284.27,284.21,284.33,284.69,285.32,286.16,287.07,287.89,288.46,288.78,288.91,288.99,289.03,289.07,288.96,288.6,287.9,287.11,286.5,286.38,286.83,287.75,288.84,289.72,290.15,290.1,289.64,288.83,287.86,287.01,286.53,286.56,287.04,287.73
287.4,287.12,286.86,286.7,286.7,286.87,287.12,287.38,287.53,287.54,287.46,287.37,287.36,287.46,287.63,287.79,287.87,287.85,287.76,287.66,287.58,287.51,287.44,287.33,287.11,286.81,286.5,286.27,286.2,286.27,286.36,286.33,286.08,285.64,285.13,284.69,284.4,284.22,284.08,283.96,283.94,284.19,284.79,285.71,286.75,287.7,288.32,288.58,288.59,288.54,288.45,288.35,288.1,287.56,286.79,285.95,285.35,285.25,285.77,286.79,288.03,289.05,289.53,289.41,288.8,287.88,287.01,286.47,286.41,286.79,287.44,288.1
287.67,287.4,287.13,286.97,286.97,287.14,287.4,287.65,287.78,287.78,287.68,287.57,287.53,287.59,287.7,287.8,287.85,287.81,287.73,287.65,287.56,284.33,287.41,287.34,287.17,286.91,286.6,286.34,286.18,286.14,286.15,286.07,285.82,285.4,284.92,284.51,284.28,284.17,284.07,283.93,283.83,283.96,284.46,285.32,286.32,287.22,287.79,288.01,288.02,287.97,287.89,287.73,287.31,286.58,285.71,284.87,284.31,284.26,284.81,285.82,287.05,288.11,288.62,288.45,287.74,286.78,286.03,285.77,286.04,286.69,287.48,288.15
287.84,287.61,287.36,287.23,287.28,287.5,287.78,288.0,288.07,288.01,287.88,287.75,287.69,287.7,287.76,287.81,287.82,287.78,287.72,287.65,287.58,287.52,287.45,287.35,287.19,286.97,286.73,286.5,286.33,286.24,286.19,286.1,285.88,285.51,285.08,284.71,284.49,284.38,284.29,284.16,284.03,284.07,284.44,285.1,285.89,286.54,286.95,287.13,287.24,287.39,287.48,287.32,286.76,285.9,284.94,284.14,283.72,283.76,284.25,285.12,286.13,287.0,287.42,287.24,286.56,285.73,285.16,285.08,285.52,286.3,287.14,287.85
287.89,287.68,287.48,287.4,287.52,287.8,288.07,288.24,288.27,288.17,288.01,287.87,287.8,287.79,287.81,287.83,287.81,287.78,287.73,287.67,287.62,287.55,287.47,287.36,287.22,287.05,286.88,286.72,286.6,286.52,286.46,286.37,286.19,285.9,285.56,285.24,285.01,284.86,284.73,284.57,284.44,284.44,284.66,285.07,285.51,285.85,286.05,286.23,286.49,286.87,287.15,287.07,286.49,285.6,284.66,283.98,283.69,283.81,284.2,284.78,285.4,285.89,286.09,285.91,285.44,284.9,284.6,284.7,285.19,285.94,286.71,287.41
287.83,287.65,287.49,287.46,287.62,287.9,284.44,284.47,288.22,288.19,288.06,287.92,287.85,287.84,287.85,287.85,287.82,287.78,287.73,287.66,287.62,287.59,287.54,287.45,287.33,287.19,287.07,286.97,286.92,286.88,286.85,286.77,286.62,286.4,286.14,285.88,285.65,285.44,285.24,285.05,284.91,284.89,285.0,285.18,285.32,285.37,285.41,285.56,285.92,286.44,286.87,286.92,286.46,285.66,284.86,284.32,284.15,284.27,284.52,284.75,284.92,284.96,284.87,284.68,284.39,284.21,284.27,284.61,285.17,285.84,286.54,287.2
287.74,287.58,287.46,287.44,287.57,287.81,284.4,284.43,284.42,288.11,288.04,287.93,287.86,287.85,287.86,287.85,287.81,287.75,287.66,284.26,287.56,287.62,287.64,287.6,287.51,287.4,287.3,287.25,287.24,287.24,287.22,287.14,287.0,286.83,286.63,286.43,286.21,285.96,285.7,285.47,285.33,285.3,285.35,285.39,285.35,285.23,285.16,285.26,285.62,286.14,286.6,286.76,286.5,285.92,285.35,284.94,284.8,284.85,284.93,284.9,284.71,284.36,283.98,283.65,283.5,283.62,284.03,284.69,285.43,286.14,286.78,287.4
287.68,287.56,287.46,287.41,287.46,287.61,287.81,288.0,288.1,288.09,288.01,287.91,287.84,287.82,287.83,287.81,287.74,287.64,287.54,287.49,287.53,287.63,287.72,287.76,287.71,287.61,287.52,287.48,287.49,287.52,287.5,287.41,287.26,287.08,286.92,286.75,286.54,286.29,286.01,285.77,285.62,285.59,285.62,285.64,285.56,285.41,285.3,285.34,285.6,285.99,286.37,286.57,286.49,286.19,285.81,285.5,285.31,285.23,285.16,284.99,284.66,284.14,283.56,283.08,282.88,283.1,283.76,284.68,285.69,286.6,287.36,287.98
287.73,287.63,287.54,287.47,287.42,287.45,287.55,287.69,287.82,287.88,287.86,287.81,287.77,287.75,287.75,287.72,287.64,287.49,287.36,287.3,287.37,287.53,287.71,287.82,287.82,287.75,287.66,287.63,287.64,287.67,287.65,287.55,287.39,287.2,287.02,286.85,286.67,286.44,286.18,285.95,285.79,285.76,285.8,285.86,285.86,285.79,285.7,285.68,285.77,285.97,286.21,286.37,286.4,286.29,286.06,285.79,285.55,285.36,285.22,285.05,284.76,284.29,283.66,283.03,282.62,282.74,283.39,284.45,285.7,286.89,287.88,288.61
287.89,287.83,287.76,287.66,287.54,287.46,287.45,287.51,287.61,287.7,287.75,287.75,287.73,287.72,287.71,287.67,287.56,287.39,287.23,287.15,287.22,287.41,287.63,287.78,287.82,287.77,287.7,287.67,287.69,287.73,287.72,287.63,287.46,287.26,287.06,286.88,286.71,286.51,286.29,286.06,285.89,285.84,285.9,286.03,286.15,286.2,286.15,286.07,286.02,286.04,286.13,286.23,286.29,286.25,286.09,285.84,285.59,285.38,285.24,285.14,284.98,284.65,284.09,283.4,282.8,282.63,283.08,284.07,285.4,286.81,288.06,288.94
288.16,288.12,288.07,287.96,287.82,287.68,287.58,287.56,287.6,287.67,287.73,287.75,287.76,287.76,287.74,287.68,287.56,287.39,287.22,287.13,287.17,287.33,287.54,287.69,287.74,287.72,287.67,287.66,287.69,287.74,287.75,287.68,287.53,287.33,287.13,286.96,286.8,286.63,286.42,286.2,286.0,285.92,286.0,286.18,286.38,286.5,286.49,286.38,286.24,286.16,286.15,286.18,286.19,286.14,286.0,285.8,285.6,285.44,285.36,285.33,285.28,285.1,284.68,284.04,283.33,282.89,282.96,283.68,284.89,286.32,287.7,288.7
288.46,288.45,288.4,288.31,288.17,288.01,287.87,287.78,287.75,287.77,287.79,287.82,287.83,287.83,287.82,287.77,287.66,287.5,287.33,287.22,287.22,287.32,287.47,287.59,287.64,287.65,287.64,287.66,287.72,287.78,287.79,287.74,287.62,287.45,287.28,287.13,286.98,286.82,286.62,286.39,286.19,286.1,286.16,286.33,286.54,286.67,286.67,286.55,286.41,286.31,286.26,286.23,286.17,286.06,285.93,285.81,285.72,285.66,285.63,285.62,285.6,285.5,285.21,284.68,284.0,283.4,283.15,283.44,284.35,285.6,286.91,287.96
