examples/temperature.grib2.json
{"header": {"parameterCategory":1,"parameterNumber":1,"lo1":112.02,"la1":30.02,"lo2":129.99,"la2":44.99,"dx":0.03,"dy":0.03,"nx":600,"ny":500,"numberPoints":300000,"refTime":"2018-09-16T07:00:00","forecastTime":0}, "data":
[rows 0 to 31 of 500, columns 144 to 215 of 600]
300.19,300.18,300.14,300.06,299.98,299.91,299.86,299.81,299.83,299.79,299.75,299.78,300.28,299.82,299.78,299.77,299.32,298.7,298.52,298.52,298.35,298.69,299.03,299.53,299.71,298.85,298.39,297.95,297.47,297.05,296.83,296.88,297.28,297.85,298.27,298.17,297.82,297.55,297.31,297.56,298.14,299.3,300.01,299.41,299.13,298.93,298.95,299.06,299.41,299.66,300.09,300.4,301.12,301.07,300.4,300.15,300.21,299.29,299.32,299.67,301.21,301.44,301.34,301.07,299.61,299.62,300.02,300.54,301.1,301.6,301.95,302.2
300.13,300.15,300.15,300.11,300.04,300.95,300.65,300.49,299.72,299.71,299.67,299.55,299.59,299.72,299.89,299.98,299.83,299.61,298.96,298.6,298.46,298.64,298.86,299.18,299.67,299.38,299.0,298.77,298.29,297.68,297.14,296.97,297.22,297.81,298.19,298.22,297.86,297.39,296.81,296.93,297.87,299.01,299.91,300.41,299.82,299.0,298.58,298.61,298.81,299.47,299.93,299.69,299.9,299.69,300.01,299.78,299.36,298.74,298.58,298.66,298.91,299.12,299.18,299.05,298.83,298.7,298.85,299.27,299.86,300.54,301.2,301.76
300.3,300.24,300.27,300.17,300.12,300.06,299.89,299.83,299.89,299.85,299.56,299.41,299.57,300.05,299.85,300.33,300.31,299.94,299.68,299.07,298.89,298.84,298.83,298.85,298.85,299.08,299.28,299.41,299.22,298.51,297.76,297.29,297.28,297.77,298.24,298.54,298.5,298.17,297.93,297.64,298.33,299.39,300.35,301.21,300.46,299.61,298.9,298.74,298.82,299.21,299.97,299.83,299.51,299.25,299.41,299.67,299.58,298.94,298.25,297.85,297.75,298.18,298.56,298.26,298.39,298.34,298.29,298.52,298.96,299.8,300.55,301.28
299.91,300.05,300.26,300.24,300.2,300.13,300.02,299.87,299.57,299.35,299.19,299.22,299.08,299.21,299.46,299.98,300.21,300.44,300.0,299.96,299.5,299.3,298.96,298.76,298.71,298.99,299.42,300.7,300.08,299.39,298.49,297.74,297.55,297.83,298.31,298.87,299.3,299.13,299.14,299.11,299.42,300.03,300.61,300.77,300.84,300.35,299.43,299.14,299.28,299.73,299.98,300.06,299.81,299.65,299.7,299.86,299.94,299.59,298.65,297.3,296.59,296.46,297.24,298.52,298.57,298.78,298.53,298.35,298.6,299.49,300.09,300.9
299.88,299.99,300.34,300.32,300.27,300.19,300.06,299.73,299.55,299.31,299.13,299.08,299.04,299.11,299.27,299.6,300.03,300.17,300.19,300.34,300.33,300.06,299.22,298.89,298.77,299.0,299.41,301.26,300.25,299.46,299.25,298.3,298.03,298.13,298.37,298.96,299.78,300.0,300.37,300.48,300.63,300.76,300.68,300.53,300.27,300.45,300.29,299.95,299.86,299.99,300.04,300.13,300.32,300.23,300.18,300.36,300.34,299.88,298.79,297.17,296.01,295.87,296.95,298.76,299.43,299.9,299.61,299.03,298.83,299.32,299.89,300.66
300.04,300.43,300.43,300.38,300.32,300.23,300.09,299.67,299.48,299.31,299.14,299.02,298.98,299.01,299.12,299.37,299.87,300.0,300.15,300.31,300.43,300.17,299.6,299.19,299.04,299.12,299.38,300.07,300.16,299.81,299.09,298.62,298.36,298.35,298.61,298.82,299.34,299.96,300.6,301.08,301.3,301.14,300.55,299.97,299.58,300.41,299.98,300.13,300.19,300.13,300.05,300.09,300.1,300.22,300.47,300.79,300.91,300.41,299.24,297.84,296.78,296.7,297.67,299.49,300.48,301.19,301.04,300.17,299.6,299.64,299.85,300.27
300.49,300.52,300.49,300.21,300.15,300.22,300.08,299.7,299.53,299.39,299.25,299.15,299.11,299.11,299.15,299.24,299.42,299.79,299.94,300.09,300.22,300.17,299.85,299.55,299.4,299.35,299.68,299.45,299.51,299.41,299.24,299.01,298.79,298.57,298.68,298.75,299.18,299.82,300.4,300.87,301.08,300.91,300.21,299.36,299.52,299.4,299.52,299.64,299.91,300.01,300.0,299.51,300.05,300.1,300.45,300.74,300.86,300.58,300.06,299.29,298.73,298.53,299.19,300.54,301.34,301.89,301.95,301.71,300.96,299.97,300.04,300.15
300.29,300.32,300.29,300.22,300.12,300.02,299.86,299.74,299.6,299.52,299.42,299.32,299.26,299.26,299.25,299.25,299.33,299.57,299.73,299.81,300.07,300.04,300.23,299.88,299.72,299.58,299.44,299.3,299.25,299.17,299.12,299.07,299.03,298.89,298.8,298.89,299.1,299.42,299.66,299.84,299.94,300.0,299.68,298.76,298.13,298.32,298.9,298.93,299.32,299.67,299.88,300.18,299.53,299.68,300.07,300.08,300.35,300.47,300.81,300.21,300.4,300.63,301.01,301.21,301.72,301.95,301.76,301.85,301.36,300.14,300.02,300.27
300.32,300.31,300.42,300.11,300.01,299.91,299.83,299.76,299.68,299.6,299.53,299.67,299.59,299.56,299.57,299.6,299.61,299.47,299.86,299.58,299.81,300.05,300.19,300.08,299.95,299.76,299.5,299.29,299.13,299.02,298.97,298.96,298.98,298.96,299.05,299.18,299.2,299.06,298.81,298.61,298.83,298.75,298.73,298.51,298.16,297.71,297.87,298.2,298.69,299.28,299.81,300.22,300.33,300.52,299.61,299.62,299.88,299.87,300.39,300.79,301.78,302.68,303.34,301.8,301.79,301.73,301.52,300.95,300.54,300.33,300.07,300.27
300.27,300.23,300.15,300.0,300.13,299.82,299.76,299.74,299.72,299.86,299.75,299.63,299.4,299.39,299.57,299.63,299.47,299.62,299.51,299.44,299.55,299.89,299.74,300.01,300.06,299.87,299.55,299.26,299.08,298.97,298.83,298.74,298.8,299.0,299.17,299.48,299.42,298.98,298.26,297.87,297.59,297.62,298.11,298.54,298.43,298.08,297.74,297.63,298.25,298.94,300.0,300.45,300.86,301.09,299.77,299.63,299.49,299.67,299.81,300.67,301.33,302.05,303.6,301.95,302.17,301.27,300.61,300.4,300.31,300.4,300.31,300.38
300.21,300.31,300.21,300.11,299.79,299.77,299.77,299.77,299.75,299.65,299.5,299.44,299.41,299.39,299.38,299.63,299.53,299.75,299.42,299.39,299.39,299.51,299.67,299.96,299.9,299.87,299.68,299.46,299.28,299.07,298.82,298.65,298.69,298.98,299.37,299.62,299.64,299.15,298.21,297.53,297.25,297.58,298.24,299.01,299.22,298.62,297.85,297.63,297.87,298.32,300.06,300.55,300.9,300.93,300.22,300.03,299.76,299.56,299.52,299.86,301.26,301.09,301.29,301.36,300.92,300.37,300.11,300.17,300.37,300.62,300.74,300.89
300.14,300.02,299.89,299.87,299.73,299.88,299.93,299.95,299.9,299.78,299.61,299.36,299.26,299.22,299.31,299.45,299.76,299.61,299.41,299.41,299.34,299.38,299.63,299.69,299.76,299.83,299.86,299.77,299.57,299.38,299.04,298.78,298.76,299.02,299.43,299.83,299.94,299.33,298.53,297.76,297.52,297.95,298.97,299.87,299.9,299.35,298.47,297.89,297.68,298.22,299.48,299.86,301.06,301.47,300.53,300.36,300.09,299.83,299.68,299.63,299.77,300.14,300.47,300.64,300.45,300.04,299.76,300.03,300.53,301.05,301.36,301.31
300.27,300.15,300.0,299.97,299.94,299.99,300.04,300.05,299.99,299.84,299.71,299.6,299.4,299.12,299.22,299.61,299.74,299.56,299.43,299.46,299.37,299.37,299.6,299.7,299.83,299.97,300.07,300.02,300.02,299.71,299.4,299.14,299.08,299.33,299.53,299.83,300.18,300.15,299.23,298.49,298.38,298.82,299.58,300.32,300.49,299.95,299.14,298.25,297.77,297.91,298.66,299.59,301.02,300.65,300.67,300.57,300.26,300.03,299.84,299.47,299.3,299.45,299.8,300.05,300.2,299.92,299.72,299.85,300.59,301.33,301.64,301.5
300.39,300.31,300.18,300.14,300.11,300.12,300.15,300.17,300.11,299.91,299.6,299.34,299.08,299.01,299.08,299.72,299.73,300.33,299.47,299.5,299.42,299.37,299.41,299.53,299.66,299.96,300.09,300.11,300.15,300.04,299.77,299.51,299.42,299.68,299.85,299.91,299.79,299.96,299.63,299.76,299.42,299.75,300.24,300.42,300.57,300.26,299.45,298.45,297.63,297.33,297.71,298.72,299.6,300.64,301.31,300.31,300.21,300.04,300.03,299.9,299.63,299.58,299.54,299.66,299.68,299.7,299.66,299.93,300.52,301.4,301.9,301.6
300.43,300.37,300.59,300.28,300.22,300.2,300.3,300.33,300.26,300.01,299.66,299.33,299.06,298.94,299.01,299.47,300.11,300.24,299.48,299.5,299.48,299.37,299.47,299.6,299.71,299.87,300.01,300.16,300.22,300.27,300.13,299.89,299.83,299.96,300.02,299.97,299.74,299.28,299.08,299.17,299.44,300.41,300.56,300.43,300.34,300.06,299.5,298.54,297.5,296.84,296.9,297.56,298.53,299.51,300.3,300.4,300.71,299.92,300.07,300.35,300.5,300.15,300.01,299.81,299.51,299.45,299.64,300.0,300.59,301.5,302.0,301.75
300.38,300.34,300.59,300.6,300.6,300.33,300.4,300.42,300.39,300.21,299.82,299.39,299.01,298.78,298.7,298.77,298.97,299.67,299.42,299.97,299.39,299.52,299.55,299.74,299.82,299.79,299.89,300.05,300.09,300.2,300.3,300.21,300.15,300.16,300.22,300.15,299.88,299.27,299.12,299.18,299.43,300.36,300.4,300.34,299.88,299.72,299.27,298.53,297.46,296.68,296.51,296.98,297.94,298.6,299.24,299.56,299.71,300.23,300.52,300.59,300.98,301.53,300.84,300.37,299.88,299.41,299.55,300.1,300.83,301.56,302.37,301.85
299.24,299.58,299.98,300.18,300.57,300.38,300.44,300.62,300.4,300.32,300.0,299.52,299.05,298.67,298.45,298.41,298.52,299.1,298.99,299.1,299.23,299.33,299.63,299.85,299.96,299.9,299.88,299.92,300.0,299.97,300.16,300.34,300.32,300.32,300.41,300.32,300.25,299.47,299.21,299.15,299.27,299.69,299.67,299.76,299.53,299.45,299.17,298.54,297.85,297.07,296.77,297.04,297.63,298.32,298.67,299.0,299.3,299.72,300.37,300.92,300.85,301.82,301.81,301.64,300.45,299.88,299.62,299.97,300.57,301.34,301.77,301.82
298.09,298.76,299.66,299.89,300.21,300.33,300.38,300.32,300.32,300.26,300.29,299.61,299.17,298.71,298.34,298.17,298.26,298.51,298.54,298.68,298.81,299.1,299.6,299.9,299.96,299.81,299.71,299.91,299.91,300.37,300.11,300.34,300.39,300.54,300.7,300.81,300.6,299.78,299.37,299.12,299.15,298.9,298.43,298.79,299.35,299.3,299.13,298.94,298.44,297.96,297.61,297.68,298.07,298.51,298.76,298.93,299.14,299.52,300.16,300.66,301.07,301.6,301.99,302.0,301.09,300.59,300.19,300.08,300.51,300.9,301.31,301.42
297.46,298.14,299.27,299.74,300.18,300.33,300.38,300.28,300.42,300.15,300.13,299.89,299.37,298.83,298.39,298.13,298.07,298.18,298.36,298.57,299.6,299.75,299.93,300.07,300.04,299.73,300.15,300.04,299.78,299.87,300.02,300.58,300.29,300.58,300.46,301.06,300.75,300.51,299.9,299.48,299.26,298.55,298.17,298.15,298.66,298.93,299.34,299.34,299.15,298.82,298.62,298.64,298.86,299.28,299.48,299.22,299.22,299.37,299.69,300.26,300.66,300.85,301.24,301.47,301.54,302.17,301.55,301.31,301.2,300.61,300.77,300.82
297.52,298.11,298.99,299.71,300.18,300.36,300.42,300.33,300.22,300.12,300.06,299.9,299.7,299.24,298.73,298.41,298.23,298.06,298.18,298.37,298.56,298.79,299.64,299.55,299.73,299.33,300.13,299.71,299.79,299.69,299.91,299.93,300.74,300.71,300.49,300.53,301.07,300.94,300.32,299.83,299.55,298.71,298.29,298.33,298.7,299.15,299.54,299.76,299.85,299.73,299.7,299.69,299.81,299.93,300.54,300.25,299.49,299.39,299.45,299.82,300.34,300.31,300.7,301.38,302.17,302.83,302.44,301.96,301.26,301.06,300.88,300.52
297.84,298.37,298.99,299.47,299.89,300.16,300.32,300.35,300.37,300.29,300.13,299.92,299.67,299.36,298.99,298.62,298.33,298.22,298.3,298.41,298.47,298.51,298.53,298.95,299.25,299.07,299.39,299.64,299.71,299.73,299.62,299.82,300.29,300.64,300.5,300.64,301.47,300.9,300.11,299.77,299.32,298.92,298.61,298.63,298.91,299.31,299.68,299.92,300.28,300.27,300.57,300.51,300.88,300.64,300.81,300.59,300.18,299.73,299.64,299.9,300.07,299.98,300.42,301.67,302.34,302.81,302.77,302.33,301.62,301.31,300.84,300.72
298.53,298.63,298.72,298.89,299.15,299.62,300.03,300.34,300.49,300.46,300.31,300.03,299.71,299.42,299.16,298.92,298.7,298.59,298.57,298.53,298.47,298.39,298.33,298.41,298.56,299.08,299.31,299.58,299.64,299.62,299.67,299.75,299.9,300.44,300.53,300.73,301.01,300.42,300.16,299.89,299.6,299.3,299.06,299.08,299.2,299.42,299.66,299.94,300.19,300.61,301.31,301.6,301.96,301.44,301.42,301.11,300.79,300.49,300.36,300.18,299.84,299.95,300.28,301.35,301.74,302.24,302.55,302.32,301.88,301.65,301.3,300.99
299.03,298.67,298.26,298.19,298.03,298.58,299.35,300.04,300.49,300.57,300.4,300.12,299.81,299.52,299.34,299.2,299.14,299.06,298.97,298.85,298.7,298.5,298.45,298.6,298.47,298.85,299.42,299.84,299.52,299.37,299.53,299.95,299.72,299.97,300.54,300.65,300.35,300.25,300.1,299.97,299.81,299.69,299.54,299.46,299.48,299.59,299.81,300.01,300.48,301.09,301.38,302.09,302.19,302.08,301.37,301.44,301.24,301.15,300.83,300.39,300.26,300.33,300.6,301.13,301.55,301.82,301.95,302.1,302.24,302.33,302.43,301.47
299.13,298.45,297.8,297.25,297.05,297.51,298.64,299.57,300.28,300.68,300.55,300.16,299.88,299.68,299.56,299.48,299.47,299.51,299.41,299.19,299.0,298.87,299.33,298.85,298.77,298.92,299.31,299.72,299.24,299.16,299.17,299.38,299.54,299.83,300.25,300.38,300.41,300.28,300.11,299.97,300.05,299.95,299.87,299.89,299.74,299.87,299.93,300.05,300.28,300.39,300.54,301.29,301.63,301.11,301.16,301.45,301.63,301.93,301.4,300.85,300.76,300.81,301.42,301.34,301.33,301.56,301.66,301.87,302.15,302.45,302.6,302.55
298.7,297.85,296.9,296.31,296.28,296.79,297.73,299.19,299.93,300.46,300.7,300.49,300.03,299.8,299.71,299.68,299.77,300.06,299.86,299.31,299.26,299.16,299.62,299.52,299.25,299.39,299.56,299.44,299.05,298.92,298.96,299.17,299.4,299.72,300.15,300.47,300.57,300.33,300.21,300.02,299.94,299.94,300.02,299.99,299.97,300.01,300.07,300.43,300.18,300.07,300.07,300.49,300.47,300.62,300.83,301.22,301.47,301.87,302.26,301.98,301.36,301.46,302.32,301.8,301.64,301.43,301.68,301.87,302.09,302.31,302.14,302.18
298.32,297.2,296.36,296.32,295.83,296.16,296.91,297.86,298.69,299.77,300.25,300.54,300.56,300.33,300.01,299.91,300.18,300.17,300.11,299.91,299.76,299.62,299.77,299.76,299.75,300.02,299.45,299.43,298.94,298.78,298.85,299.04,299.31,299.7,300.04,300.4,300.57,300.48,300.38,300.8,300.3,300.06,299.99,300.02,300.04,300.16,300.43,300.47,300.14,299.98,299.86,300.1,300.15,300.21,300.29,301.04,302.06,302.34,302.49,302.38,302.37,302.3,302.36,301.91,302.42,301.88,301.92,301.87,302.09,302.29,302.49,302.45
297.64,297.04,296.41,295.95,295.73,295.88,296.25,297.03,297.74,298.43,299.66,300.32,300.59,300.65,300.54,300.36,300.2,300.04,299.94,299.9,299.9,299.82,299.1,299.31,299.09,299.35,299.11,299.17,298.91,298.78,299.18,299.35,299.45,299.7,300.06,300.34,300.45,300.5,300.46,300.38,300.47,300.27,300.18,300.24,300.28,300.06,300.1,300.44,300.07,299.89,299.82,299.91,299.89,299.66,299.55,299.82,300.08,300.59,301.07,301.81,300.96,302.12,302.37,302.08,301.99,301.81,302.12,302.24,302.23,302.27,302.34,302.4
297.44,297.13,297.12,296.24,296.24,295.81,296.01,296.37,297.11,297.8,298.74,299.86,300.47,300.78,300.72,300.53,300.26,300.06,299.84,299.77,299.72,299.7,299.04,299.12,299.05,299.37,299.11,299.08,299.54,299.47,299.01,299.17,299.71,299.72,300.02,300.23,300.42,300.47,300.43,300.32,300.22,300.32,300.36,300.49,300.75,300.73,300.07,300.5,300.14,299.89,299.74,299.69,299.47,299.3,299.16,299.18,299.34,299.56,299.85,300.39,300.45,300.94,301.68,302.17,302.2,302.08,302.41,302.48,302.4,302.31,302.26,302.17
297.29,297.13,297.19,296.69,296.34,295.79,296.1,296.49,296.91,297.55,298.33,299.52,300.26,300.49,300.67,300.51,300.25,300.01,299.81,299.71,299.67,299.66,299.65,298.86,298.84,299.2,299.34,299.19,299.16,299.85,299.19,299.29,299.52,299.89,300.03,300.03,300.16,300.32,300.32,300.23,300.14,300.13,300.09,300.19,300.61,300.6,300.08,300.52,300.22,299.8,299.63,299.65,299.54,299.25,299.09,298.97,298.97,299.1,299.34,299.82,300.04,300.61,301.18,301.58,302.33,302.24,302.87,302.69,302.54,302.42,302.3,302.27
296.77,296.58,296.09,295.48,295.9,295.65,296.29,297.0,297.47,297.77,297.96,298.41,299.77,300.15,300.26,300.35,300.22,300.02,299.8,299.69,299.63,299.58,298.83,298.76,298.74,298.75,299.24,299.44,299.28,299.33,299.36,299.43,299.68,299.74,299.73,299.79,299.94,300.01,299.9,299.84,299.72,299.69,299.81,300.41,300.29,300.18,300.12,300.28,300.05,299.75,299.65,299.64,299.62,299.42,299.28,299.12,299.02,299.07,299.23,299.46,299.75,300.33,300.99,301.44,301.98,302.4,302.78,302.72,302.64,302.54,302.44,302.37
295.69,295.18,294.75,294.37,294.5,295.19,296.27,297.25,297.95,297.95,297.93,297.89,298.06,298.6,299.44,299.85,300.11,300.11,299.95,299.72,299.25,299.55,298.8,298.7,298.66,298.94,298.84,298.96,299.36,299.61,299.67,299.67,300.19,299.93,299.45,299.3,299.45,299.48,299.4,299.31,299.26,299.49,299.42,299.76,300.17,300.09,300.15,300.02,299.76,299.65,299.67,299.76,299.81,299.75,299.66,299.47,299.37,299.41,299.55,299.67,299.81,300.25,300.79,301.39,301.9,302.19,302.57,302.7,302.69,302.6,302.54,302.48
293.65,293.36,293.09,293.02,293.43,294.54,295.84,297.07,297.61,297.99,297.82,297.39,297.09,297.21,297.6,298.43,299.06,299.56,300.15,299.94,299.35,298.97,298.81,298.72,298.73,298.78,298.81,298.94,299.12,299.4,299.83,299.83,300.14,299.86,299.51,299.13,298.93,298.88,298.83,298.67,298.64,299.02,299.73,300.35,300.51,300.16,300.16,300.07,299.8,299.7,299.74,299.89,300.02,300.02,299.95,299.92,300.0,300.02,299.89,300.04,300.1,300.44,300.71,301.19,301.72,302.05,302.35,302.67,302.6,302.57,302.59,302.63
